101110101011011101010101100000001001010110100110101000011000000100100100000110110111011001001110000
110100000011101000010101111111111011101111111010000011101010101110101010001010010000001000000000010
001010011010001011001110101101011100100000101100010110111000000100101111000001101101110101110100110
100111001001111110001111000010101001011001101100010111100001001111001101001011011000101100000010001
111011  10  10  110110      00      01  111  01      10      01      110111110010100010001100000010
111111  00  00  00100000  100010  1101   1   10  10  1010  1010  0110110100100101111010000000000011
011101  10  00  11011101  001011  1010  1 0  00      1111  0111    10110100000000110000011100110110
111010  01  10  11010010  011011  1111  101  00  11  0101  0100  1111000111100100001100010001101001
100010      11      1110  1010      01  001  11  11  0011  1110      101100011000011001001111101001
011101011100111010011000000001110100001010010001010100110000010010000111001101001100000000100010111
111101000011010110011111100100101101111010101100101010110111101000010010101101000010101011101110011
000011100100010001111000101101100110001111101      00  111  11      10      10  000  10      011011
100100001101100000001100111011101111101010011  000011   00  10  00111101  0010   10  00  0011100001
010111110000010110011010011001000011100100000    1011  0 1  11  1   1100  1101  1 0  01    00111011
100100001001001011000010011001001111100011001  000000  01   10  10  1110  0111  11   11  0010110111
010110011001000001011101011001001101011110111      10  110  01      11      11  010  10      110100
101101110110011101100011100101011101001110110110001111011101110101110100110101110110011111000101000
000111100001000101110110011101100110101101011000011111101001111110000001100100011011011111111111111
1100111110001001001111111110011001110110001000001110000100001100  Created By: Mitchell Talyat  1011
001011111110001000110111000101000100100000000011000101010010111101110011011001111001110001101110110